7.43 9.72 1.23 1.64 5.40 7.38 4.69 6.25
7.29 9.47 1.17 1.64 5.30 7.24 4.59 6.12
7.87 10.14 1.40 2.03 5.46 7.40 4.91 6.52
9.45 12.17 1.78 2.68 5.66 7.69 5.63 7.51
8.04 10.46 1.96 2.95 5.68 7.88 5.23 7.10
7.60 10.26 5.81 9.55 7.03 9.47 6.81 9.76
9.51 12.91 9.97 17.67 8.06 10.94 9.18 13.84
7.64 9.80 3.07 4.16 6.38 8.69 5.70 7.55
6.97 9.06 5.11 8.27 7.42 9.89 6.50 9.07
8.29 10.83 9.00 15.05 8.66 11.48 8.65 12.45
7.41 9.77 1.22 1.64 5.37 7.40 4.67 6.27
7.99 10.73 2.77 3.91 6.39 8.69 5.72 7.78
9.54 12.90 3.07 5.30 8.63 11.61 7.08 9.94
9.69 13.29 3.87 5.96 9.08 12.21 7.55 10.49
7.29 9.50 1.41 1.88 5.62 7.65 4.77 6.34
7.95 10.53 2.22 3.72 6.46 9.41 5.54 7.89
9.67 13.06 3.04 6.41 8.84 13.08 7.18 10.85
10.68 14.25 3.88 7.08 10.05 14.08 8.20 11.80
7.68 9.90 1.32 1.90 5.40 7.33 4.80 6.38
8.32 10.99 3.33 5.44 6.89 9.45 6.18 8.63
